1 2069172
1 9292282
1 11284336
1 17306675
1 19763396
1 21583311
1 22498824
1 23504795
1 25044111
1 25753638
1 26450009
1 26803430
1 27503662
1 32371442
1 37962756
1 40777842
1 41556253
1 46024454
1 47915233
1 51440093
1 54119578
1 54954245
1 67510474
1 78512566
1 78623626
1 85988158
1 86330770
1 89139041
1 93343282
1 95787223
1 103519589
1 113202571
1 118492052
1 118855587
1 119491784
1 120264823
1 146692373
1 149876124
1 149938898
1 150186091
1 151259043
1 160399586
1 170649277
1 172083881
1 172141403
1 172241251
1 172355841
1 176794066
1 183054827
1 184007119
1 203800735
1 212237798
1 214627419
1 215046892
1 218516310
1 218615451
1 218975475
1 219739966
1 221317258
1 224632782
1 227750068
1 243618317
2 1645673
2 1775648
2 10178479
2 18574952
2 20151819
2 24247514
2 25040082
2 25463483
2 25483121
2 27741237
2 33315750
2 33361425
2 33405151
2 36768875
2 37758745
2 37960613
2 37995727
2 42462930
2 43629612
2 44774202
2 44907331
2 46921285
2 54966407
2 56089540
2 56096892
2 56113538
2 68495002
2 71584485
2 88924622
2 98333290
2 109047190
2 121612659
2 134434824
2 136187345
2 145231349
2 169707428
2 172152646
2 174815898
2 178684720
2 183219101
2 191832662
2 203194256
2 216410516
2 217935116
2 218146080
2 218284278
2 218616633
2 219154781
2 219305404
2 219903723
2 219908369
2 219949184
2 223917983
2 225030129
2 232268312
2 232322779
2 232377818
2 232779223
2 232796610
2 232982257
2 232989831
2 233087483
2 233442091
2 241818527
2 242191410
3 4728104
3 11646954
3 12632652
3 13555836
3 13733624
3 38047954
3 41243742
3 51071713
3 51192126
3 52831701
3 53134098
3 55411763
3 56667682
3 58013573
3 61513495
3 67416322
3 68622366
3 72455355
3 98715823
3 99269921
3 112826415
3 114214611
3 114697457
3 129050943
3 134178562
3 134379752
3 136107549
3 141105570
3 141163045
3 142535505
3 156851984
3 157806960
3 171969077
3 172163449
3 183355405
3 185488882
3 185548683
3 185651001
3 187438522
3 190815978
3 191111160
4 1693931
4 2218888
4 5016883
4 5035587
4 7055253
4 7912333
4 8608634
4 12963574
4 13194091
4 17936634
4 18010384
4 38688362
4 39343940
4 48687351
4 56399648
4 57823476
4 73476014
4 82155568
4 82184049
4 82204091
4 88194170
4 88630031
4 106216205
4 109408608
4 114742249
4 122720999
4 123835656
4 144442611
4 145321006
4 145565826
4 145574844
4 145592686
4 145839264
4 146128884
4 146192618
4 152180671
4 184215675
5 31541142
5 32694942
5 32772043
5 32819073
5 32821168
5 33230034
5 36065463
5 37046626
5 39426020
5 42436916
5 50454732
5 54955071
5 56254485
5 64674446
5 67156083
5 67599656
5 72144005
5 73964660
5 77505876
5 78945171
5 79836192
5 88327782
5 90151589
5 95630225
5 108073085
5 108113344
5 122657199
5 127378294
5 127696022
5 129054621
5 131585958
5 131742228
5 134356705
5 134510303
5 139145747
5 141681788
5 168250903
5 170875097
5 171000977
5 171189571
5 171203438
5 171283469
5 171285632
5 172811280
5 172994624
5 175947118
5 176517326
5 176576293
5 176675423
5 178535713
5 179731014
6 2167225
6 2193062
6 6889818
6 7213016
6 7708631
6 7792947
6 7804377
6 17589375
6 19841493
6 26157481
6 26200677
6 28751727
6 31106459
6 31272261
6 31588384
6 33108287
6 33628863
6 33784864
6 34188866
6 34616322
6 35246903
6 35286295
6 35614026
6 41924931
6 44539761
6 45244415
6 47475022
6 72202711
6 76164589
6 76173832
6 80956208
6 81038921
6 81315597
6 81792063
6 82456984
6 85448103
6 105392745
6 109020032
6 109723939
6 116451442
6 117490664
6 117868051
6 126216403
6 126866133
6 130345835
6 130374461
6 131327956
6 132730372
6 142617680
6 142703877
6 144079629
6 146335560
6 152157881
6 152345162
6 156587831
6 158722034
6 158929442
6 160774441
6 166329862
6 168834623
6 169349731
7 2795957
7 8086639
7 12276522
7 19248278
7 19642100
7 20381674
7 23475919
7 23521316
7 25871109
7 28205303
7 28751137
7 32935524
7 38110073
7 46201355
7 46417403
7 50730452
7 55889334
7 73304636
7 77308295
7 92228400
7 92244422
7 92659160
7 96039648
7 99817196
7 120777619
7 135045786
7 137611566
7 148629759
7 150508720
8 4827332
8 8747894
8 13273477
8 22562352
8 23173053
8 23375235
8 24092500
8 25298710
8 27527995
8 49413780
8 56998480
8 57095808
8 57155598
8 75883054
8 76040583
8 78148191
8 109784938
8 116637685
8 117563532
8 120475358
8 120596023
8 123980551
8 126500350
8 130723728
8 135612595
8 135650483
8 135653832
8 145037573
9 6440419
9 16455833
9 16787670
9 17048990
9 18629792
9 35808334
9 35937611
9 78542286
9 78759705
9 86660782
9 89108161
9 90849255
9 94258836
9 95387983
9 96893945
9 97575273
9 98266370
9 98318926
9 98380222
9 98410405
9 99201585
9 100482976
9 101743336
9 108304500
9 108901049
9 109181911
9 109518208
9 109599046
9 113792706
9 117011595
9 118169080
9 118305438
9 118921327
9 119129257
9 119422807
9 119688061
9 133464084
9 137301866
9 139111870
9 139341612
10 4965434
10 12943973
10 25056118
10 27890831
10 52762887
10 61469090
10 69937192
10 70196580
10 80928793
10 80940740
10 81132829
10 93037409
10 97805074
10 101805442
10 102684380
10 104341435
10 105577409
10 120961043
10 121129797
10 123396806
10 124171857
10 126358073
10 126824068
10 127673877
11 244552
11 2022804
11 2171601
11 2284590
11 2810731
11 12678415
11 12924265
11 13277961
11 14268729
11 14404825
11 17351683
11 30347927
11 45936035
11 47969152
11 56230069
11 65336819
11 66826160
11 68417652
11 68830628
11 69163161
11 69933717
11 74739934
11 75276178
11 118613235
11 120257495
11 122845075
11 128577624
12 576984
12 1573005
12 11855773
12 12876111
12 14520701
12 20536371
12 20857467
12 24207780
12 27997409
12 28112256
12 28600244
12 28952342
12 29496991
12 46827023
12 56680636
12 58256714
12 59956923
12 65677086
12 66359752
12 66391396
12 69827658
12 90231386
12 93919840
12 93976954
12 94126925
12 102373788
12 103062597
12 104344836
12 107338631
12 116393174
12 117365506
12 121204682
12 122494809
12 123822711
12 124750895
12 124801226
13 21570246
13 30172751
13 33143406
13 33723244
13 47112120
13 49201040
13 50469913
13 50718468
13 51084173
13 51105334
13 75058481
13 78474468
13 80705315
13 81550449
13 92024574
13 115027462
14 21890683
14 23759156
14 24830850
14 35838389
14 37144516
14 37477461
14 55203126
14 55245149
14 59688820
14 60957279
14 65568215
14 68647188
14 73932966
14 74990746
14 75038689
14 92427348
14 102904179
14 103878774
15 38483866
15 41796498
15 48914926
15 51269629
15 51530495
15 61408362
15 62379971
15 63439186
15 66997087
15 67446831
15 70048157
15 70364352
15 72084693
15 72842705
15 74226765
15 74336633
15 76740219
15 81836638
15 82231920
15 84266145
15 84514290
15 85728834
15 89113138
15 89356832
15 89388905
15 89395626
15 89415247
15 89851580
15 94028149
15 94551607
15 99194896
15 100513158
15 100687967
15 100761190
15 101632867
15 101762539
16 792190
16 990815
16 2249376
16 2336394
16 2488211
16 3192651
16 3796147
16 4021734
16 4911195
16 14388305
16 20880040
16 30030195
16 50259483
16 51094038
16 53515118
16 67384226
16 69887707
16 72114002
16 75328308
16 81589983
16 82184201
16 84987679
16 86417890
16 86688976
16 87360500
16 88777242
16 89734831
16 89875710
17 599811
17 7363088
17 7440584
17 7578115
17 8031936
17 11984232
17 21284223
17 27955540
17 29234505
17 29247715
17 30239698
17 36929578
17 38599230
17 38632761
17 40852841
17 43216281
17 44856641
17 46096276
17 46643364
17 46974734
17 47390014
17 49244747
17 54229842
17 54778817
17 54839652
17 59496649
17 59638623
17 61845425
17 61947107
17 62007498
17 63549488
17 66303352
17 68090207
17 69923355
17 73368985
17 76718842
17 79422252
17 80176641
18 2766938
18 13094132
18 19450303
18 20735408
18 45888770
18 46270114
18 46482070
18 46657358
18 46959500
18 57852948
18 74983055
18 77222862
19 2176403
19 3434028
19 4929473
19 7184762
19 7244233
19 8644031
19 10321089
19 10801185
19 12186611
19 17522869
19 19591066
19 19665643
19 31047269
19 38346685
19 41922352
19 42683791
19 44082429
19 48188809
20 4098567
20 6469596
20 6612832
20 6698372
20 17771113
20 20068635
20 20348253
20 21180259
20 32304653
20 33718706
20 34025756
20 34432670
20 35544673
20 38552078
20 47772264
20 48634821
20 54842378
20 57472043
20 57948773
20 60956917
21 27208935
21 35690786
21 39688107
21 47436327
22 33056859
22 38129332
22 39275656
22 39907661
22 45846371
